std::vector<double> boardProb44 = {
  0.02083, 0.04982, 0.04982, 0.02083,
  0.04982, 0.12953, 0.12953, 0.04982,
  0.04982, 0.12953, 0.12953, 0.04982,
  0.02083, 0.04982, 0.04982, 0.02083
};

  0.047261, 0.0614373, 0.0614373, 0.047261
  0.0614373, 0.0798643, 0.0798643, 0.0614373
  0.0614373, 0.0798643, 0.0798643, 0.0614373
  0.047261, 0.0614373, 0.0614373, 0.047261

std::vector<double> boardProb55 = {
  0.00708, 0.02185, 0.02717, 0.02185, 0.00708,
  0.02185, 0.06826, 0.07877, 0.06826, 0.02185,
  0.02717, 0.07877, 0.10012, 0.07877, 0.02717,
  0.02185, 0.06826, 0.07877, 0.06826, 0.02185,
  0.00708, 0.02185, 0.02717, 0.02185, 0.00708
};

22
  0.0290474, 0.0290474, 0.0445962, 0.0290527, 0.0290521
  0.0290474, 0.0565292, 0.0445943, 0.0565346, 0.0290514
  0.0445962, 0.0445943, 0.068462, 0.0446006, 0.044599
  0.0290527, 0.0565346, 0.0446006, 0.0565402, 0.0290549
  0.0290521, 0.0290514, 0.044599, 0.0290549, 0.0290549

23
  0.0209194, 0.0407104, 0.0321159, 0.0407122, 0.0209216
  0.0407104, 0.0407106, 0.062499, 0.0407141, 0.0407122
  0.0321159, 0.062499, 0.0493007, 0.0625001, 0.0321155
  0.0407122, 0.0407141, 0.0625001, 0.0407186, 0.0407137
  0.0209216, 0.0407122, 0.0321155, 0.0407137, 0.0209214

19
  0.0248213, 0.0351145, 0.0381073, 0.0351145, 0.0248213
  0.0351145, 0.0483081, 0.0539085, 0.0483081, 0.0351145
  0.0381073, 0.0539085, 0.0585033, 0.0539085, 0.0381073
  0.0351145, 0.0483081, 0.0539085, 0.0483081, 0.0351145
  0.0248213, 0.0351145, 0.0381073, 0.0351145, 0.0248213

20
  0.0251489, 0.0346483, 0.0386088, 0.0346483, 0.0251489
  0.0346483, 0.0489369, 0.0531910, 0.0489369, 0.0346483
  0.0386088, 0.0531910, 0.0592714, 0.053191, 0.0386088
  0.0346483, 0.0489369, 0.0531910, 0.0489369, 0.0346483
  0.0251489, 0.0346483, 0.0386088, 0.0346483, 0.0251489


FSM: 2
  0.0251453, 0.0346466, 0.0386053, 0.0346466, 0.0251453
  0.0346466, 0.0489439, 0.0531947, 0.0489439, 0.0346466
  0.0386053, 0.0531947, 0.0592708, 0.0531947, 0.0386053
  0.0346466, 0.0489439, 0.0531947, 0.0489439, 0.0346466
  0.0251453, 0.0346466, 0.0386053, 0.0346466, 0.0251453

FSM: 6
  0.0252418, 0.0347014, 0.0386382, 0.0347014, 0.0252418
  0.0347414, 0.0489781, 0.0532236, 0.0489781, 0.0347414
  0.0386656, 0.0532022, 0.0592483, 0.0532022, 0.0386656
  0.0346605, 0.0488742, 0.0531135, 0.0488742, 0.0346605
  0.0250841, 0.0345183, 0.0384411, 0.0345183, 0.0250841

FSM: 12
  0.0259650, 0.0350131, 0.0386280, 0.0349896, 0.025941
  0.0350955, 0.0482659, 0.0519461, 0.0481969, 0.0350427
  0.0388364, 0.0522008, 0.0574581, 0.0520829, 0.0387544
  0.0352314, 0.0486188, 0.0523709, 0.0485068, 0.0351589
  0.0260883, 0.0353057, 0.0389945, 0.0352567, 0.0260514